11000000000000000000000000000000
00110000000000000000000000000000
00001100000000000000000000000000
00000011000000000000000000000000
00000000110000000000000000000000
00000000001100000000000000000000
00000000000011000000000000000000
00000000000000110000000000000000
00000000000000001100000000000000
00000000000000000011000000000000
00000000000000000000110000000000
00000000000000000000000000000000
00000000000000000000000000000000
00011000000000111111000000000000
00000110000000001111110000000000
00000001100000000011111100000000
00000000011000000000111111000000
00000000000110000000001111110000
00000000000001100000000011111100
00000000000000011000000000111111
00000000000000000110000000001111
11000000000000000001100000000011
11110000000000000000011010000000
00000000000110000000010110100000
00000000000001100000000101101000
00000000000000011000000001011010
00000000000000000110000000010110
10000000000000000001100000000101
10100000000000000000011000000001
01101000000000000000000110000000
01011010000000000000000001100000
00010110100000000000000000011000
00000101101000000000000000000000
00000001011010000000000000000000
00000000010110100000000000000000
00000000000101101000000000000000
00000000000001011010000000000000
00000000000000010110100000000000
00000000000000000101101000000000
00000000000000000001011010000000
00000000000000000000010110100000
00000000000000000000000101000011
11100100100001111100100100001111
10010010000111110010010000111110
01001000011111001001000011111001
00100001111100100100001111100100
01101011010110101101011010110101
10101101011010110101101011010110
10110101101011010110101101000010
00010000100001000010000100001000
01011010110101101011010110101101
01101011010001000101001100001000
11111000000000000000000000000000
00000111110111011101110111011101
11011111101000000000000000000000
00000001011000000000000000000000
00000000000110000000001111110000
00000000000001101000000000000000
00011000000001011010000000000000
00000000000000010100001111100100
11010000000000000000000000000000
10000110001111000000000111111000
00000000000000000011000011111001
00100001111100100100001111100100
01101011011100000000000000000000
00000000000001101011011101010101
01010101010101010101010111000000
00000000000000000000000000011010
11010010000011001001100000000111
11111000000000000000011010000000
00000000000000000000010001000001
00010100110000100011111000000000
00000000000000000000000111110111
01110111011101110111011111101000
00000000000000000000000001011111
xxxx
11110111110111111011111011111011
10101010101010101010101010101010
11111111100000000111111111111111
00010000000000100000000000001000
11101111111111111111111111110111
10111111111111111111100111111101
11111111000000000011111111111111
01101101101101101101101101101101
