Code:
00000000000000000000000000000000 --> 00 000
11110111110111111011111011111011 --> 11 11110111110111111011111011111011
00000000000000000000000000000000 --> 00 000
00000000011111100000000000000000 --> 00 110
01000000000000000000110000000010 --> 01 10100 001
01000000000000000000000000000010 --> 00 001
11111111111111111111111111111111 --> 00 010
01000000000000000000000000000010 --> 00 001
00010000000000100000000000001000 --> 00 011
00010000000000100000000000001000 --> 00 011
00000000011111100000000000000000 --> 00 110
10101010101010101010101010101010 --> 11 10101010101010101010101010101010
11111111111111111111111111111111 --> 00 010
11111111111111111111111111111111 --> 00 010
11111111111111111111111111111111 --> 00 010
10111111111111111111111111111101 --> 00 100
00000000000000000000000000000000 --> 00 000
10111111111111111111111111111101 --> 00 100
01010101010101010101010101010101 --> 11 01010101010101010101010101010101
00000000000000000000000000000000 --> 00 000
10111111111111111111111111111101 --> 00 100
11101111111111111111111111110111 --> 00 101
00010000000000100000000000001000 --> 00 011
11101111111111111111111111110111 --> 00 101
00000000111111110000000000000000 --> 10 01000 01111 110
01000000000000000000000000000010 --> 00 001
11101111111111111111111111110111 --> 00 101
11111111100000000111111111111111 --> 00 111
10111111111111111111100111111101 --> 01 10101 100
11111111000000000011111111111111 --> 10 01000 10001 111
11111111100000000111111111111111 --> 00 111
01101101101101101101101101101101 --> 11 01101101101101101101101101101101
00000000000000000000000000000000 --> 00 000
11101110111011101110111011101111 --> 11 11101110111011101110111011101111
01000000000000000000000000000010 --> 00 001


Dictionary:
00000000000000000000000000000000 --> 000
01000000000000000000000000000010 --> 001
11111111111111111111111111111111 --> 010
00010000000000100000000000001000 --> 011
10111111111111111111111111111101 --> 100
11101111111111111111111111110111 --> 101
00000000011111100000000000000000 --> 110
11111111100000000111111111111111 --> 111
